0 0.109667 0.740086 0.125250 0.214047
0 0.710271 0.324461 0.092792 0.139297
0 0.851792 0.434313 0.081542 0.159687
0 0.662703 0.933750 0.100490 0.123438
0 0.760099 0.584375 0.115448 0.183469
0 0.633219 0.516422 0.097396 0.160813
0 0.522651 0.434883 0.101094 0.167609
0 0.304495 0.464328 0.099656 0.188000
0 0.431672 0.639867 0.121635 0.199328
0 0.318422 0.882219 0.135073 0.212906
0 0.795964 0.248016 0.052927 0.092875
0 0.512458 0.164211 0.065604 0.110984
0 0.373536 0.084937 0.064094 0.108719
0 0.338427 0.217445 0.070896 0.124578
