0 0.03437500 0.24629630 0.05208333 0.22592593
0 0.46562500 0.30555556 0.06875000 0.30740741
0 0.81458333 0.24629630 0.03333333 0.16666667
0 0.91666667 0.25000000 0.03333333 0.15185185
0 0.96979167 0.26481481 0.04375000 0.20370370
0 0.75729167 0.26851852 0.03541667 0.15185185
0 0.82291667 0.24074074 0.03333333 0.14814815
0 0.63541667 0.27592593 0.04166667 0.18888889
0 0.83333333 0.23518519 0.03333333 0.15185185
0 0.36145833 0.33888889 0.13958333 0.54444444
0 0.87916667 0.22407407 0.03750000 0.16666667
0 0.78333333 0.23703704 0.04166667 0.17037037
